{
 "cells": [
  {
   "cell_type": "markdown",
   "metadata": {},
   "source": [
    "### 새로운 변수의 추가 mutate()"
   ]
  },
  {
   "cell_type": "code",
   "execution_count": 3,
   "metadata": {},
   "outputs": [
    {
     "data": {
      "text/html": [
       "<table>\n",
       "<caption>A tibble: 32 × 13</caption>\n",
       "<thead>\n",
       "\t<tr><th scope=col>mpg</th><th scope=col>cyl</th><th scope=col>disp</th><th scope=col>hp</th><th scope=col>drat</th><th scope=col>wt</th><th scope=col>qsec</th><th scope=col>vs</th><th scope=col>am</th><th scope=col>gear</th><th scope=col>carb</th><th scope=col>kml</th><th scope=col>gp_kml</th></tr>\n",
       "\t<tr><th scope=col>&lt;dbl&gt;</th><th scope=col>&lt;dbl&gt;</th><th scope=col>&lt;dbl&gt;</th><th scope=col>&lt;dbl&gt;</th><th scope=col>&lt;dbl&gt;</th><th scope=col>&lt;dbl&gt;</th><th scope=col>&lt;dbl&gt;</th><th scope=col>&lt;dbl&gt;</th><th scope=col>&lt;dbl&gt;</th><th scope=col>&lt;dbl&gt;</th><th scope=col>&lt;dbl&gt;</th><th scope=col>&lt;dbl&gt;</th><th scope=col>&lt;chr&gt;</th></tr>\n",
       "</thead>\n",
       "<tbody>\n",
       "\t<tr><td>21.0</td><td>6</td><td>160.0</td><td>110</td><td>3.90</td><td>2.620</td><td>16.46</td><td>0</td><td>1</td><td>4</td><td>4</td><td> 9.030</td><td>bad </td></tr>\n",
       "\t<tr><td>21.0</td><td>6</td><td>160.0</td><td>110</td><td>3.90</td><td>2.875</td><td>17.02</td><td>0</td><td>1</td><td>4</td><td>4</td><td> 9.030</td><td>bad </td></tr>\n",
       "\t<tr><td>22.8</td><td>4</td><td>108.0</td><td> 93</td><td>3.85</td><td>2.320</td><td>18.61</td><td>1</td><td>1</td><td>4</td><td>1</td><td> 9.804</td><td>bad </td></tr>\n",
       "\t<tr><td>21.4</td><td>6</td><td>258.0</td><td>110</td><td>3.08</td><td>3.215</td><td>19.44</td><td>1</td><td>0</td><td>3</td><td>1</td><td> 9.202</td><td>bad </td></tr>\n",
       "\t<tr><td>18.7</td><td>8</td><td>360.0</td><td>175</td><td>3.15</td><td>3.440</td><td>17.02</td><td>0</td><td>0</td><td>3</td><td>2</td><td> 8.041</td><td>bad </td></tr>\n",
       "\t<tr><td>18.1</td><td>6</td><td>225.0</td><td>105</td><td>2.76</td><td>3.460</td><td>20.22</td><td>1</td><td>0</td><td>3</td><td>1</td><td> 7.783</td><td>bad </td></tr>\n",
       "\t<tr><td>14.3</td><td>8</td><td>360.0</td><td>245</td><td>3.21</td><td>3.570</td><td>15.84</td><td>0</td><td>0</td><td>3</td><td>4</td><td> 6.149</td><td>bad </td></tr>\n",
       "\t<tr><td>24.4</td><td>4</td><td>146.7</td><td> 62</td><td>3.69</td><td>3.190</td><td>20.00</td><td>1</td><td>0</td><td>4</td><td>2</td><td>10.492</td><td>good</td></tr>\n",
       "\t<tr><td>22.8</td><td>4</td><td>140.8</td><td> 95</td><td>3.92</td><td>3.150</td><td>22.90</td><td>1</td><td>0</td><td>4</td><td>2</td><td> 9.804</td><td>bad </td></tr>\n",
       "\t<tr><td>19.2</td><td>6</td><td>167.6</td><td>123</td><td>3.92</td><td>3.440</td><td>18.30</td><td>1</td><td>0</td><td>4</td><td>4</td><td> 8.256</td><td>bad </td></tr>\n",
       "\t<tr><td>17.8</td><td>6</td><td>167.6</td><td>123</td><td>3.92</td><td>3.440</td><td>18.90</td><td>1</td><td>0</td><td>4</td><td>4</td><td> 7.654</td><td>bad </td></tr>\n",
       "\t<tr><td>16.4</td><td>8</td><td>275.8</td><td>180</td><td>3.07</td><td>4.070</td><td>17.40</td><td>0</td><td>0</td><td>3</td><td>3</td><td> 7.052</td><td>bad </td></tr>\n",
       "\t<tr><td>17.3</td><td>8</td><td>275.8</td><td>180</td><td>3.07</td><td>3.730</td><td>17.60</td><td>0</td><td>0</td><td>3</td><td>3</td><td> 7.439</td><td>bad </td></tr>\n",
       "\t<tr><td>15.2</td><td>8</td><td>275.8</td><td>180</td><td>3.07</td><td>3.780</td><td>18.00</td><td>0</td><td>0</td><td>3</td><td>3</td><td> 6.536</td><td>bad </td></tr>\n",
       "\t<tr><td>10.4</td><td>8</td><td>472.0</td><td>205</td><td>2.93</td><td>5.250</td><td>17.98</td><td>0</td><td>0</td><td>3</td><td>4</td><td> 4.472</td><td>bad </td></tr>\n",
       "\t<tr><td>10.4</td><td>8</td><td>460.0</td><td>215</td><td>3.00</td><td>5.424</td><td>17.82</td><td>0</td><td>0</td><td>3</td><td>4</td><td> 4.472</td><td>bad </td></tr>\n",
       "\t<tr><td>14.7</td><td>8</td><td>440.0</td><td>230</td><td>3.23</td><td>5.345</td><td>17.42</td><td>0</td><td>0</td><td>3</td><td>4</td><td> 6.321</td><td>bad </td></tr>\n",
       "\t<tr><td>32.4</td><td>4</td><td> 78.7</td><td> 66</td><td>4.08</td><td>2.200</td><td>19.47</td><td>1</td><td>1</td><td>4</td><td>1</td><td>13.932</td><td>good</td></tr>\n",
       "\t<tr><td>30.4</td><td>4</td><td> 75.7</td><td> 52</td><td>4.93</td><td>1.615</td><td>18.52</td><td>1</td><td>1</td><td>4</td><td>2</td><td>13.072</td><td>good</td></tr>\n",
       "\t<tr><td>33.9</td><td>4</td><td> 71.1</td><td> 65</td><td>4.22</td><td>1.835</td><td>19.90</td><td>1</td><td>1</td><td>4</td><td>1</td><td>14.577</td><td>good</td></tr>\n",
       "\t<tr><td>21.5</td><td>4</td><td>120.1</td><td> 97</td><td>3.70</td><td>2.465</td><td>20.01</td><td>1</td><td>0</td><td>3</td><td>1</td><td> 9.245</td><td>bad </td></tr>\n",
       "\t<tr><td>15.5</td><td>8</td><td>318.0</td><td>150</td><td>2.76</td><td>3.520</td><td>16.87</td><td>0</td><td>0</td><td>3</td><td>2</td><td> 6.665</td><td>bad </td></tr>\n",
       "\t<tr><td>15.2</td><td>8</td><td>304.0</td><td>150</td><td>3.15</td><td>3.435</td><td>17.30</td><td>0</td><td>0</td><td>3</td><td>2</td><td> 6.536</td><td>bad </td></tr>\n",
       "\t<tr><td>13.3</td><td>8</td><td>350.0</td><td>245</td><td>3.73</td><td>3.840</td><td>15.41</td><td>0</td><td>0</td><td>3</td><td>4</td><td> 5.719</td><td>bad </td></tr>\n",
       "\t<tr><td>19.2</td><td>8</td><td>400.0</td><td>175</td><td>3.08</td><td>3.845</td><td>17.05</td><td>0</td><td>0</td><td>3</td><td>2</td><td> 8.256</td><td>bad </td></tr>\n",
       "\t<tr><td>27.3</td><td>4</td><td> 79.0</td><td> 66</td><td>4.08</td><td>1.935</td><td>18.90</td><td>1</td><td>1</td><td>4</td><td>1</td><td>11.739</td><td>good</td></tr>\n",
       "\t<tr><td>26.0</td><td>4</td><td>120.3</td><td> 91</td><td>4.43</td><td>2.140</td><td>16.70</td><td>0</td><td>1</td><td>5</td><td>2</td><td>11.180</td><td>good</td></tr>\n",
       "\t<tr><td>30.4</td><td>4</td><td> 95.1</td><td>113</td><td>3.77</td><td>1.513</td><td>16.90</td><td>1</td><td>1</td><td>5</td><td>2</td><td>13.072</td><td>good</td></tr>\n",
       "\t<tr><td>15.8</td><td>8</td><td>351.0</td><td>264</td><td>4.22</td><td>3.170</td><td>14.50</td><td>0</td><td>1</td><td>5</td><td>4</td><td> 6.794</td><td>bad </td></tr>\n",
       "\t<tr><td>19.7</td><td>6</td><td>145.0</td><td>175</td><td>3.62</td><td>2.770</td><td>15.50</td><td>0</td><td>1</td><td>5</td><td>6</td><td> 8.471</td><td>bad </td></tr>\n",
       "\t<tr><td>15.0</td><td>8</td><td>301.0</td><td>335</td><td>3.54</td><td>3.570</td><td>14.60</td><td>0</td><td>1</td><td>5</td><td>8</td><td> 6.450</td><td>bad </td></tr>\n",
       "\t<tr><td>21.4</td><td>4</td><td>121.0</td><td>109</td><td>4.11</td><td>2.780</td><td>18.60</td><td>1</td><td>1</td><td>4</td><td>2</td><td> 9.202</td><td>bad </td></tr>\n",
       "</tbody>\n",
       "</table>\n"
      ],
      "text/latex": [
       "A tibble: 32 × 13\n",
       "\\begin{tabular}{lllllllllllll}\n",
       " mpg & cyl & disp & hp & drat & wt & qsec & vs & am & gear & carb & kml & gp\\_kml\\\\\n",
       " <dbl> & <dbl> & <dbl> & <dbl> & <dbl> & <dbl> & <dbl> & <dbl> & <dbl> & <dbl> & <dbl> & <dbl> & <chr>\\\\\n",
       "\\hline\n",
       "\t 21.0 & 6 & 160.0 & 110 & 3.90 & 2.620 & 16.46 & 0 & 1 & 4 & 4 &  9.030 & bad \\\\\n",
       "\t 21.0 & 6 & 160.0 & 110 & 3.90 & 2.875 & 17.02 & 0 & 1 & 4 & 4 &  9.030 & bad \\\\\n",
       "\t 22.8 & 4 & 108.0 &  93 & 3.85 & 2.320 & 18.61 & 1 & 1 & 4 & 1 &  9.804 & bad \\\\\n",
       "\t 21.4 & 6 & 258.0 & 110 & 3.08 & 3.215 & 19.44 & 1 & 0 & 3 & 1 &  9.202 & bad \\\\\n",
       "\t 18.7 & 8 & 360.0 & 175 & 3.15 & 3.440 & 17.02 & 0 & 0 & 3 & 2 &  8.041 & bad \\\\\n",
       "\t 18.1 & 6 & 225.0 & 105 & 2.76 & 3.460 & 20.22 & 1 & 0 & 3 & 1 &  7.783 & bad \\\\\n",
       "\t 14.3 & 8 & 360.0 & 245 & 3.21 & 3.570 & 15.84 & 0 & 0 & 3 & 4 &  6.149 & bad \\\\\n",
       "\t 24.4 & 4 & 146.7 &  62 & 3.69 & 3.190 & 20.00 & 1 & 0 & 4 & 2 & 10.492 & good\\\\\n",
       "\t 22.8 & 4 & 140.8 &  95 & 3.92 & 3.150 & 22.90 & 1 & 0 & 4 & 2 &  9.804 & bad \\\\\n",
       "\t 19.2 & 6 & 167.6 & 123 & 3.92 & 3.440 & 18.30 & 1 & 0 & 4 & 4 &  8.256 & bad \\\\\n",
       "\t 17.8 & 6 & 167.6 & 123 & 3.92 & 3.440 & 18.90 & 1 & 0 & 4 & 4 &  7.654 & bad \\\\\n",
       "\t 16.4 & 8 & 275.8 & 180 & 3.07 & 4.070 & 17.40 & 0 & 0 & 3 & 3 &  7.052 & bad \\\\\n",
       "\t 17.3 & 8 & 275.8 & 180 & 3.07 & 3.730 & 17.60 & 0 & 0 & 3 & 3 &  7.439 & bad \\\\\n",
       "\t 15.2 & 8 & 275.8 & 180 & 3.07 & 3.780 & 18.00 & 0 & 0 & 3 & 3 &  6.536 & bad \\\\\n",
       "\t 10.4 & 8 & 472.0 & 205 & 2.93 & 5.250 & 17.98 & 0 & 0 & 3 & 4 &  4.472 & bad \\\\\n",
       "\t 10.4 & 8 & 460.0 & 215 & 3.00 & 5.424 & 17.82 & 0 & 0 & 3 & 4 &  4.472 & bad \\\\\n",
       "\t 14.7 & 8 & 440.0 & 230 & 3.23 & 5.345 & 17.42 & 0 & 0 & 3 & 4 &  6.321 & bad \\\\\n",
       "\t 32.4 & 4 &  78.7 &  66 & 4.08 & 2.200 & 19.47 & 1 & 1 & 4 & 1 & 13.932 & good\\\\\n",
       "\t 30.4 & 4 &  75.7 &  52 & 4.93 & 1.615 & 18.52 & 1 & 1 & 4 & 2 & 13.072 & good\\\\\n",
       "\t 33.9 & 4 &  71.1 &  65 & 4.22 & 1.835 & 19.90 & 1 & 1 & 4 & 1 & 14.577 & good\\\\\n",
       "\t 21.5 & 4 & 120.1 &  97 & 3.70 & 2.465 & 20.01 & 1 & 0 & 3 & 1 &  9.245 & bad \\\\\n",
       "\t 15.5 & 8 & 318.0 & 150 & 2.76 & 3.520 & 16.87 & 0 & 0 & 3 & 2 &  6.665 & bad \\\\\n",
       "\t 15.2 & 8 & 304.0 & 150 & 3.15 & 3.435 & 17.30 & 0 & 0 & 3 & 2 &  6.536 & bad \\\\\n",
       "\t 13.3 & 8 & 350.0 & 245 & 3.73 & 3.840 & 15.41 & 0 & 0 & 3 & 4 &  5.719 & bad \\\\\n",
       "\t 19.2 & 8 & 400.0 & 175 & 3.08 & 3.845 & 17.05 & 0 & 0 & 3 & 2 &  8.256 & bad \\\\\n",
       "\t 27.3 & 4 &  79.0 &  66 & 4.08 & 1.935 & 18.90 & 1 & 1 & 4 & 1 & 11.739 & good\\\\\n",
       "\t 26.0 & 4 & 120.3 &  91 & 4.43 & 2.140 & 16.70 & 0 & 1 & 5 & 2 & 11.180 & good\\\\\n",
       "\t 30.4 & 4 &  95.1 & 113 & 3.77 & 1.513 & 16.90 & 1 & 1 & 5 & 2 & 13.072 & good\\\\\n",
       "\t 15.8 & 8 & 351.0 & 264 & 4.22 & 3.170 & 14.50 & 0 & 1 & 5 & 4 &  6.794 & bad \\\\\n",
       "\t 19.7 & 6 & 145.0 & 175 & 3.62 & 2.770 & 15.50 & 0 & 1 & 5 & 6 &  8.471 & bad \\\\\n",
       "\t 15.0 & 8 & 301.0 & 335 & 3.54 & 3.570 & 14.60 & 0 & 1 & 5 & 8 &  6.450 & bad \\\\\n",
       "\t 21.4 & 4 & 121.0 & 109 & 4.11 & 2.780 & 18.60 & 1 & 1 & 4 & 2 &  9.202 & bad \\\\\n",
       "\\end{tabular}\n"
      ],
      "text/markdown": [
       "\n",
       "A tibble: 32 × 13\n",
       "\n",
       "| mpg &lt;dbl&gt; | cyl &lt;dbl&gt; | disp &lt;dbl&gt; | hp &lt;dbl&gt; | drat &lt;dbl&gt; | wt &lt;dbl&gt; | qsec &lt;dbl&gt; | vs &lt;dbl&gt; | am &lt;dbl&gt; | gear &lt;dbl&gt; | carb &lt;dbl&gt; | kml &lt;dbl&gt; | gp_kml &lt;chr&gt; |\n",
       "|---|---|---|---|---|---|---|---|---|---|---|---|---|\n",
       "| 21.0 | 6 | 160.0 | 110 | 3.90 | 2.620 | 16.46 | 0 | 1 | 4 | 4 |  9.030 | bad  |\n",
       "| 21.0 | 6 | 160.0 | 110 | 3.90 | 2.875 | 17.02 | 0 | 1 | 4 | 4 |  9.030 | bad  |\n",
       "| 22.8 | 4 | 108.0 |  93 | 3.85 | 2.320 | 18.61 | 1 | 1 | 4 | 1 |  9.804 | bad  |\n",
       "| 21.4 | 6 | 258.0 | 110 | 3.08 | 3.215 | 19.44 | 1 | 0 | 3 | 1 |  9.202 | bad  |\n",
       "| 18.7 | 8 | 360.0 | 175 | 3.15 | 3.440 | 17.02 | 0 | 0 | 3 | 2 |  8.041 | bad  |\n",
       "| 18.1 | 6 | 225.0 | 105 | 2.76 | 3.460 | 20.22 | 1 | 0 | 3 | 1 |  7.783 | bad  |\n",
       "| 14.3 | 8 | 360.0 | 245 | 3.21 | 3.570 | 15.84 | 0 | 0 | 3 | 4 |  6.149 | bad  |\n",
       "| 24.4 | 4 | 146.7 |  62 | 3.69 | 3.190 | 20.00 | 1 | 0 | 4 | 2 | 10.492 | good |\n",
       "| 22.8 | 4 | 140.8 |  95 | 3.92 | 3.150 | 22.90 | 1 | 0 | 4 | 2 |  9.804 | bad  |\n",
       "| 19.2 | 6 | 167.6 | 123 | 3.92 | 3.440 | 18.30 | 1 | 0 | 4 | 4 |  8.256 | bad  |\n",
       "| 17.8 | 6 | 167.6 | 123 | 3.92 | 3.440 | 18.90 | 1 | 0 | 4 | 4 |  7.654 | bad  |\n",
       "| 16.4 | 8 | 275.8 | 180 | 3.07 | 4.070 | 17.40 | 0 | 0 | 3 | 3 |  7.052 | bad  |\n",
       "| 17.3 | 8 | 275.8 | 180 | 3.07 | 3.730 | 17.60 | 0 | 0 | 3 | 3 |  7.439 | bad  |\n",
       "| 15.2 | 8 | 275.8 | 180 | 3.07 | 3.780 | 18.00 | 0 | 0 | 3 | 3 |  6.536 | bad  |\n",
       "| 10.4 | 8 | 472.0 | 205 | 2.93 | 5.250 | 17.98 | 0 | 0 | 3 | 4 |  4.472 | bad  |\n",
       "| 10.4 | 8 | 460.0 | 215 | 3.00 | 5.424 | 17.82 | 0 | 0 | 3 | 4 |  4.472 | bad  |\n",
       "| 14.7 | 8 | 440.0 | 230 | 3.23 | 5.345 | 17.42 | 0 | 0 | 3 | 4 |  6.321 | bad  |\n",
       "| 32.4 | 4 |  78.7 |  66 | 4.08 | 2.200 | 19.47 | 1 | 1 | 4 | 1 | 13.932 | good |\n",
       "| 30.4 | 4 |  75.7 |  52 | 4.93 | 1.615 | 18.52 | 1 | 1 | 4 | 2 | 13.072 | good |\n",
       "| 33.9 | 4 |  71.1 |  65 | 4.22 | 1.835 | 19.90 | 1 | 1 | 4 | 1 | 14.577 | good |\n",
       "| 21.5 | 4 | 120.1 |  97 | 3.70 | 2.465 | 20.01 | 1 | 0 | 3 | 1 |  9.245 | bad  |\n",
       "| 15.5 | 8 | 318.0 | 150 | 2.76 | 3.520 | 16.87 | 0 | 0 | 3 | 2 |  6.665 | bad  |\n",
       "| 15.2 | 8 | 304.0 | 150 | 3.15 | 3.435 | 17.30 | 0 | 0 | 3 | 2 |  6.536 | bad  |\n",
       "| 13.3 | 8 | 350.0 | 245 | 3.73 | 3.840 | 15.41 | 0 | 0 | 3 | 4 |  5.719 | bad  |\n",
       "| 19.2 | 8 | 400.0 | 175 | 3.08 | 3.845 | 17.05 | 0 | 0 | 3 | 2 |  8.256 | bad  |\n",
       "| 27.3 | 4 |  79.0 |  66 | 4.08 | 1.935 | 18.90 | 1 | 1 | 4 | 1 | 11.739 | good |\n",
       "| 26.0 | 4 | 120.3 |  91 | 4.43 | 2.140 | 16.70 | 0 | 1 | 5 | 2 | 11.180 | good |\n",
       "| 30.4 | 4 |  95.1 | 113 | 3.77 | 1.513 | 16.90 | 1 | 1 | 5 | 2 | 13.072 | good |\n",
       "| 15.8 | 8 | 351.0 | 264 | 4.22 | 3.170 | 14.50 | 0 | 1 | 5 | 4 |  6.794 | bad  |\n",
       "| 19.7 | 6 | 145.0 | 175 | 3.62 | 2.770 | 15.50 | 0 | 1 | 5 | 6 |  8.471 | bad  |\n",
       "| 15.0 | 8 | 301.0 | 335 | 3.54 | 3.570 | 14.60 | 0 | 1 | 5 | 8 |  6.450 | bad  |\n",
       "| 21.4 | 4 | 121.0 | 109 | 4.11 | 2.780 | 18.60 | 1 | 1 | 4 | 2 |  9.202 | bad  |\n",
       "\n"
      ],
      "text/plain": [
       "   mpg  cyl disp  hp  drat wt    qsec  vs am gear carb kml    gp_kml\n",
       "1  21.0 6   160.0 110 3.90 2.620 16.46 0  1  4    4     9.030 bad   \n",
       "2  21.0 6   160.0 110 3.90 2.875 17.02 0  1  4    4     9.030 bad   \n",
       "3  22.8 4   108.0  93 3.85 2.320 18.61 1  1  4    1     9.804 bad   \n",
       "4  21.4 6   258.0 110 3.08 3.215 19.44 1  0  3    1     9.202 bad   \n",
       "5  18.7 8   360.0 175 3.15 3.440 17.02 0  0  3    2     8.041 bad   \n",
       "6  18.1 6   225.0 105 2.76 3.460 20.22 1  0  3    1     7.783 bad   \n",
       "7  14.3 8   360.0 245 3.21 3.570 15.84 0  0  3    4     6.149 bad   \n",
       "8  24.4 4   146.7  62 3.69 3.190 20.00 1  0  4    2    10.492 good  \n",
       "9  22.8 4   140.8  95 3.92 3.150 22.90 1  0  4    2     9.804 bad   \n",
       "10 19.2 6   167.6 123 3.92 3.440 18.30 1  0  4    4     8.256 bad   \n",
       "11 17.8 6   167.6 123 3.92 3.440 18.90 1  0  4    4     7.654 bad   \n",
       "12 16.4 8   275.8 180 3.07 4.070 17.40 0  0  3    3     7.052 bad   \n",
       "13 17.3 8   275.8 180 3.07 3.730 17.60 0  0  3    3     7.439 bad   \n",
       "14 15.2 8   275.8 180 3.07 3.780 18.00 0  0  3    3     6.536 bad   \n",
       "15 10.4 8   472.0 205 2.93 5.250 17.98 0  0  3    4     4.472 bad   \n",
       "16 10.4 8   460.0 215 3.00 5.424 17.82 0  0  3    4     4.472 bad   \n",
       "17 14.7 8   440.0 230 3.23 5.345 17.42 0  0  3    4     6.321 bad   \n",
       "18 32.4 4    78.7  66 4.08 2.200 19.47 1  1  4    1    13.932 good  \n",
       "19 30.4 4    75.7  52 4.93 1.615 18.52 1  1  4    2    13.072 good  \n",
       "20 33.9 4    71.1  65 4.22 1.835 19.90 1  1  4    1    14.577 good  \n",
       "21 21.5 4   120.1  97 3.70 2.465 20.01 1  0  3    1     9.245 bad   \n",
       "22 15.5 8   318.0 150 2.76 3.520 16.87 0  0  3    2     6.665 bad   \n",
       "23 15.2 8   304.0 150 3.15 3.435 17.30 0  0  3    2     6.536 bad   \n",
       "24 13.3 8   350.0 245 3.73 3.840 15.41 0  0  3    4     5.719 bad   \n",
       "25 19.2 8   400.0 175 3.08 3.845 17.05 0  0  3    2     8.256 bad   \n",
       "26 27.3 4    79.0  66 4.08 1.935 18.90 1  1  4    1    11.739 good  \n",
       "27 26.0 4   120.3  91 4.43 2.140 16.70 0  1  5    2    11.180 good  \n",
       "28 30.4 4    95.1 113 3.77 1.513 16.90 1  1  5    2    13.072 good  \n",
       "29 15.8 8   351.0 264 4.22 3.170 14.50 0  1  5    4     6.794 bad   \n",
       "30 19.7 6   145.0 175 3.62 2.770 15.50 0  1  5    6     8.471 bad   \n",
       "31 15.0 8   301.0 335 3.54 3.570 14.60 0  1  5    8     6.450 bad   \n",
       "32 21.4 4   121.0 109 4.11 2.780 18.60 1  1  4    2     9.202 bad   "
      ]
     },
     "metadata": {},
     "output_type": "display_data"
    },
    {
     "data": {
      "text/html": [
       "<table>\n",
       "<caption>A tibble: 32 × 13</caption>\n",
       "<thead>\n",
       "\t<tr><th scope=col>kml</th><th scope=col>gp_kml</th><th scope=col>mpg</th><th scope=col>cyl</th><th scope=col>disp</th><th scope=col>hp</th><th scope=col>drat</th><th scope=col>wt</th><th scope=col>qsec</th><th scope=col>vs</th><th scope=col>am</th><th scope=col>gear</th><th scope=col>carb</th></tr>\n",
       "\t<tr><th scope=col>&lt;dbl&gt;</th><th scope=col>&lt;chr&gt;</th><th scope=col>&lt;dbl&gt;</th><th scope=col>&lt;dbl&gt;</th><th scope=col>&lt;dbl&gt;</th><th scope=col>&lt;dbl&gt;</th><th scope=col>&lt;dbl&gt;</th><th scope=col>&lt;dbl&gt;</th><th scope=col>&lt;dbl&gt;</th><th scope=col>&lt;dbl&gt;</th><th scope=col>&lt;dbl&gt;</th><th scope=col>&lt;dbl&gt;</th><th scope=col>&lt;dbl&gt;</th></tr>\n",
       "</thead>\n",
       "<tbody>\n",
       "\t<tr><td> 9.030</td><td>bad </td><td>21.0</td><td>6</td><td>160.0</td><td>110</td><td>3.90</td><td>2.620</td><td>16.46</td><td>0</td><td>1</td><td>4</td><td>4</td></tr>\n",
       "\t<tr><td> 9.030</td><td>bad </td><td>21.0</td><td>6</td><td>160.0</td><td>110</td><td>3.90</td><td>2.875</td><td>17.02</td><td>0</td><td>1</td><td>4</td><td>4</td></tr>\n",
       "\t<tr><td> 9.804</td><td>bad </td><td>22.8</td><td>4</td><td>108.0</td><td> 93</td><td>3.85</td><td>2.320</td><td>18.61</td><td>1</td><td>1</td><td>4</td><td>1</td></tr>\n",
       "\t<tr><td> 9.202</td><td>bad </td><td>21.4</td><td>6</td><td>258.0</td><td>110</td><td>3.08</td><td>3.215</td><td>19.44</td><td>1</td><td>0</td><td>3</td><td>1</td></tr>\n",
       "\t<tr><td> 8.041</td><td>bad </td><td>18.7</td><td>8</td><td>360.0</td><td>175</td><td>3.15</td><td>3.440</td><td>17.02</td><td>0</td><td>0</td><td>3</td><td>2</td></tr>\n",
       "\t<tr><td> 7.783</td><td>bad </td><td>18.1</td><td>6</td><td>225.0</td><td>105</td><td>2.76</td><td>3.460</td><td>20.22</td><td>1</td><td>0</td><td>3</td><td>1</td></tr>\n",
       "\t<tr><td> 6.149</td><td>bad </td><td>14.3</td><td>8</td><td>360.0</td><td>245</td><td>3.21</td><td>3.570</td><td>15.84</td><td>0</td><td>0</td><td>3</td><td>4</td></tr>\n",
       "\t<tr><td>10.492</td><td>good</td><td>24.4</td><td>4</td><td>146.7</td><td> 62</td><td>3.69</td><td>3.190</td><td>20.00</td><td>1</td><td>0</td><td>4</td><td>2</td></tr>\n",
       "\t<tr><td> 9.804</td><td>bad </td><td>22.8</td><td>4</td><td>140.8</td><td> 95</td><td>3.92</td><td>3.150</td><td>22.90</td><td>1</td><td>0</td><td>4</td><td>2</td></tr>\n",
       "\t<tr><td> 8.256</td><td>bad </td><td>19.2</td><td>6</td><td>167.6</td><td>123</td><td>3.92</td><td>3.440</td><td>18.30</td><td>1</td><td>0</td><td>4</td><td>4</td></tr>\n",
       "\t<tr><td> 7.654</td><td>bad </td><td>17.8</td><td>6</td><td>167.6</td><td>123</td><td>3.92</td><td>3.440</td><td>18.90</td><td>1</td><td>0</td><td>4</td><td>4</td></tr>\n",
       "\t<tr><td> 7.052</td><td>bad </td><td>16.4</td><td>8</td><td>275.8</td><td>180</td><td>3.07</td><td>4.070</td><td>17.40</td><td>0</td><td>0</td><td>3</td><td>3</td></tr>\n",
       "\t<tr><td> 7.439</td><td>bad </td><td>17.3</td><td>8</td><td>275.8</td><td>180</td><td>3.07</td><td>3.730</td><td>17.60</td><td>0</td><td>0</td><td>3</td><td>3</td></tr>\n",
       "\t<tr><td> 6.536</td><td>bad </td><td>15.2</td><td>8</td><td>275.8</td><td>180</td><td>3.07</td><td>3.780</td><td>18.00</td><td>0</td><td>0</td><td>3</td><td>3</td></tr>\n",
       "\t<tr><td> 4.472</td><td>bad </td><td>10.4</td><td>8</td><td>472.0</td><td>205</td><td>2.93</td><td>5.250</td><td>17.98</td><td>0</td><td>0</td><td>3</td><td>4</td></tr>\n",
       "\t<tr><td> 4.472</td><td>bad </td><td>10.4</td><td>8</td><td>460.0</td><td>215</td><td>3.00</td><td>5.424</td><td>17.82</td><td>0</td><td>0</td><td>3</td><td>4</td></tr>\n",
       "\t<tr><td> 6.321</td><td>bad </td><td>14.7</td><td>8</td><td>440.0</td><td>230</td><td>3.23</td><td>5.345</td><td>17.42</td><td>0</td><td>0</td><td>3</td><td>4</td></tr>\n",
       "\t<tr><td>13.932</td><td>good</td><td>32.4</td><td>4</td><td> 78.7</td><td> 66</td><td>4.08</td><td>2.200</td><td>19.47</td><td>1</td><td>1</td><td>4</td><td>1</td></tr>\n",
       "\t<tr><td>13.072</td><td>good</td><td>30.4</td><td>4</td><td> 75.7</td><td> 52</td><td>4.93</td><td>1.615</td><td>18.52</td><td>1</td><td>1</td><td>4</td><td>2</td></tr>\n",
       "\t<tr><td>14.577</td><td>good</td><td>33.9</td><td>4</td><td> 71.1</td><td> 65</td><td>4.22</td><td>1.835</td><td>19.90</td><td>1</td><td>1</td><td>4</td><td>1</td></tr>\n",
       "\t<tr><td> 9.245</td><td>bad </td><td>21.5</td><td>4</td><td>120.1</td><td> 97</td><td>3.70</td><td>2.465</td><td>20.01</td><td>1</td><td>0</td><td>3</td><td>1</td></tr>\n",
       "\t<tr><td> 6.665</td><td>bad </td><td>15.5</td><td>8</td><td>318.0</td><td>150</td><td>2.76</td><td>3.520</td><td>16.87</td><td>0</td><td>0</td><td>3</td><td>2</td></tr>\n",
       "\t<tr><td> 6.536</td><td>bad </td><td>15.2</td><td>8</td><td>304.0</td><td>150</td><td>3.15</td><td>3.435</td><td>17.30</td><td>0</td><td>0</td><td>3</td><td>2</td></tr>\n",
       "\t<tr><td> 5.719</td><td>bad </td><td>13.3</td><td>8</td><td>350.0</td><td>245</td><td>3.73</td><td>3.840</td><td>15.41</td><td>0</td><td>0</td><td>3</td><td>4</td></tr>\n",
       "\t<tr><td> 8.256</td><td>bad </td><td>19.2</td><td>8</td><td>400.0</td><td>175</td><td>3.08</td><td>3.845</td><td>17.05</td><td>0</td><td>0</td><td>3</td><td>2</td></tr>\n",
       "\t<tr><td>11.739</td><td>good</td><td>27.3</td><td>4</td><td> 79.0</td><td> 66</td><td>4.08</td><td>1.935</td><td>18.90</td><td>1</td><td>1</td><td>4</td><td>1</td></tr>\n",
       "\t<tr><td>11.180</td><td>good</td><td>26.0</td><td>4</td><td>120.3</td><td> 91</td><td>4.43</td><td>2.140</td><td>16.70</td><td>0</td><td>1</td><td>5</td><td>2</td></tr>\n",
       "\t<tr><td>13.072</td><td>good</td><td>30.4</td><td>4</td><td> 95.1</td><td>113</td><td>3.77</td><td>1.513</td><td>16.90</td><td>1</td><td>1</td><td>5</td><td>2</td></tr>\n",
       "\t<tr><td> 6.794</td><td>bad </td><td>15.8</td><td>8</td><td>351.0</td><td>264</td><td>4.22</td><td>3.170</td><td>14.50</td><td>0</td><td>1</td><td>5</td><td>4</td></tr>\n",
       "\t<tr><td> 8.471</td><td>bad </td><td>19.7</td><td>6</td><td>145.0</td><td>175</td><td>3.62</td><td>2.770</td><td>15.50</td><td>0</td><td>1</td><td>5</td><td>6</td></tr>\n",
       "\t<tr><td> 6.450</td><td>bad </td><td>15.0</td><td>8</td><td>301.0</td><td>335</td><td>3.54</td><td>3.570</td><td>14.60</td><td>0</td><td>1</td><td>5</td><td>8</td></tr>\n",
       "\t<tr><td> 9.202</td><td>bad </td><td>21.4</td><td>4</td><td>121.0</td><td>109</td><td>4.11</td><td>2.780</td><td>18.60</td><td>1</td><td>1</td><td>4</td><td>2</td></tr>\n",
       "</tbody>\n",
       "</table>\n"
      ],
      "text/latex": [
       "A tibble: 32 × 13\n",
       "\\begin{tabular}{lllllllllllll}\n",
       " kml & gp\\_kml & mpg & cyl & disp & hp & drat & wt & qsec & vs & am & gear & carb\\\\\n",
       " <dbl> & <chr> & <dbl> & <dbl> & <dbl> & <dbl> & <dbl> & <dbl> & <dbl> & <dbl> & <dbl> & <dbl> & <dbl>\\\\\n",
       "\\hline\n",
       "\t  9.030 & bad  & 21.0 & 6 & 160.0 & 110 & 3.90 & 2.620 & 16.46 & 0 & 1 & 4 & 4\\\\\n",
       "\t  9.030 & bad  & 21.0 & 6 & 160.0 & 110 & 3.90 & 2.875 & 17.02 & 0 & 1 & 4 & 4\\\\\n",
       "\t  9.804 & bad  & 22.8 & 4 & 108.0 &  93 & 3.85 & 2.320 & 18.61 & 1 & 1 & 4 & 1\\\\\n",
       "\t  9.202 & bad  & 21.4 & 6 & 258.0 & 110 & 3.08 & 3.215 & 19.44 & 1 & 0 & 3 & 1\\\\\n",
       "\t  8.041 & bad  & 18.7 & 8 & 360.0 & 175 & 3.15 & 3.440 & 17.02 & 0 & 0 & 3 & 2\\\\\n",
       "\t  7.783 & bad  & 18.1 & 6 & 225.0 & 105 & 2.76 & 3.460 & 20.22 & 1 & 0 & 3 & 1\\\\\n",
       "\t  6.149 & bad  & 14.3 & 8 & 360.0 & 245 & 3.21 & 3.570 & 15.84 & 0 & 0 & 3 & 4\\\\\n",
       "\t 10.492 & good & 24.4 & 4 & 146.7 &  62 & 3.69 & 3.190 & 20.00 & 1 & 0 & 4 & 2\\\\\n",
       "\t  9.804 & bad  & 22.8 & 4 & 140.8 &  95 & 3.92 & 3.150 & 22.90 & 1 & 0 & 4 & 2\\\\\n",
       "\t  8.256 & bad  & 19.2 & 6 & 167.6 & 123 & 3.92 & 3.440 & 18.30 & 1 & 0 & 4 & 4\\\\\n",
       "\t  7.654 & bad  & 17.8 & 6 & 167.6 & 123 & 3.92 & 3.440 & 18.90 & 1 & 0 & 4 & 4\\\\\n",
       "\t  7.052 & bad  & 16.4 & 8 & 275.8 & 180 & 3.07 & 4.070 & 17.40 & 0 & 0 & 3 & 3\\\\\n",
       "\t  7.439 & bad  & 17.3 & 8 & 275.8 & 180 & 3.07 & 3.730 & 17.60 & 0 & 0 & 3 & 3\\\\\n",
       "\t  6.536 & bad  & 15.2 & 8 & 275.8 & 180 & 3.07 & 3.780 & 18.00 & 0 & 0 & 3 & 3\\\\\n",
       "\t  4.472 & bad  & 10.4 & 8 & 472.0 & 205 & 2.93 & 5.250 & 17.98 & 0 & 0 & 3 & 4\\\\\n",
       "\t  4.472 & bad  & 10.4 & 8 & 460.0 & 215 & 3.00 & 5.424 & 17.82 & 0 & 0 & 3 & 4\\\\\n",
       "\t  6.321 & bad  & 14.7 & 8 & 440.0 & 230 & 3.23 & 5.345 & 17.42 & 0 & 0 & 3 & 4\\\\\n",
       "\t 13.932 & good & 32.4 & 4 &  78.7 &  66 & 4.08 & 2.200 & 19.47 & 1 & 1 & 4 & 1\\\\\n",
       "\t 13.072 & good & 30.4 & 4 &  75.7 &  52 & 4.93 & 1.615 & 18.52 & 1 & 1 & 4 & 2\\\\\n",
       "\t 14.577 & good & 33.9 & 4 &  71.1 &  65 & 4.22 & 1.835 & 19.90 & 1 & 1 & 4 & 1\\\\\n",
       "\t  9.245 & bad  & 21.5 & 4 & 120.1 &  97 & 3.70 & 2.465 & 20.01 & 1 & 0 & 3 & 1\\\\\n",
       "\t  6.665 & bad  & 15.5 & 8 & 318.0 & 150 & 2.76 & 3.520 & 16.87 & 0 & 0 & 3 & 2\\\\\n",
       "\t  6.536 & bad  & 15.2 & 8 & 304.0 & 150 & 3.15 & 3.435 & 17.30 & 0 & 0 & 3 & 2\\\\\n",
       "\t  5.719 & bad  & 13.3 & 8 & 350.0 & 245 & 3.73 & 3.840 & 15.41 & 0 & 0 & 3 & 4\\\\\n",
       "\t  8.256 & bad  & 19.2 & 8 & 400.0 & 175 & 3.08 & 3.845 & 17.05 & 0 & 0 & 3 & 2\\\\\n",
       "\t 11.739 & good & 27.3 & 4 &  79.0 &  66 & 4.08 & 1.935 & 18.90 & 1 & 1 & 4 & 1\\\\\n",
       "\t 11.180 & good & 26.0 & 4 & 120.3 &  91 & 4.43 & 2.140 & 16.70 & 0 & 1 & 5 & 2\\\\\n",
       "\t 13.072 & good & 30.4 & 4 &  95.1 & 113 & 3.77 & 1.513 & 16.90 & 1 & 1 & 5 & 2\\\\\n",
       "\t  6.794 & bad  & 15.8 & 8 & 351.0 & 264 & 4.22 & 3.170 & 14.50 & 0 & 1 & 5 & 4\\\\\n",
       "\t  8.471 & bad  & 19.7 & 6 & 145.0 & 175 & 3.62 & 2.770 & 15.50 & 0 & 1 & 5 & 6\\\\\n",
       "\t  6.450 & bad  & 15.0 & 8 & 301.0 & 335 & 3.54 & 3.570 & 14.60 & 0 & 1 & 5 & 8\\\\\n",
       "\t  9.202 & bad  & 21.4 & 4 & 121.0 & 109 & 4.11 & 2.780 & 18.60 & 1 & 1 & 4 & 2\\\\\n",
       "\\end{tabular}\n"
      ],
      "text/markdown": [
       "\n",
       "A tibble: 32 × 13\n",
       "\n",
       "| kml &lt;dbl&gt; | gp_kml &lt;chr&gt; | mpg &lt;dbl&gt; | cyl &lt;dbl&gt; | disp &lt;dbl&gt; | hp &lt;dbl&gt; | drat &lt;dbl&gt; | wt &lt;dbl&gt; | qsec &lt;dbl&gt; | vs &lt;dbl&gt; | am &lt;dbl&gt; | gear &lt;dbl&gt; | carb &lt;dbl&gt; |\n",
       "|---|---|---|---|---|---|---|---|---|---|---|---|---|\n",
       "|  9.030 | bad  | 21.0 | 6 | 160.0 | 110 | 3.90 | 2.620 | 16.46 | 0 | 1 | 4 | 4 |\n",
       "|  9.030 | bad  | 21.0 | 6 | 160.0 | 110 | 3.90 | 2.875 | 17.02 | 0 | 1 | 4 | 4 |\n",
       "|  9.804 | bad  | 22.8 | 4 | 108.0 |  93 | 3.85 | 2.320 | 18.61 | 1 | 1 | 4 | 1 |\n",
       "|  9.202 | bad  | 21.4 | 6 | 258.0 | 110 | 3.08 | 3.215 | 19.44 | 1 | 0 | 3 | 1 |\n",
       "|  8.041 | bad  | 18.7 | 8 | 360.0 | 175 | 3.15 | 3.440 | 17.02 | 0 | 0 | 3 | 2 |\n",
       "|  7.783 | bad  | 18.1 | 6 | 225.0 | 105 | 2.76 | 3.460 | 20.22 | 1 | 0 | 3 | 1 |\n",
       "|  6.149 | bad  | 14.3 | 8 | 360.0 | 245 | 3.21 | 3.570 | 15.84 | 0 | 0 | 3 | 4 |\n",
       "| 10.492 | good | 24.4 | 4 | 146.7 |  62 | 3.69 | 3.190 | 20.00 | 1 | 0 | 4 | 2 |\n",
       "|  9.804 | bad  | 22.8 | 4 | 140.8 |  95 | 3.92 | 3.150 | 22.90 | 1 | 0 | 4 | 2 |\n",
       "|  8.256 | bad  | 19.2 | 6 | 167.6 | 123 | 3.92 | 3.440 | 18.30 | 1 | 0 | 4 | 4 |\n",
       "|  7.654 | bad  | 17.8 | 6 | 167.6 | 123 | 3.92 | 3.440 | 18.90 | 1 | 0 | 4 | 4 |\n",
       "|  7.052 | bad  | 16.4 | 8 | 275.8 | 180 | 3.07 | 4.070 | 17.40 | 0 | 0 | 3 | 3 |\n",
       "|  7.439 | bad  | 17.3 | 8 | 275.8 | 180 | 3.07 | 3.730 | 17.60 | 0 | 0 | 3 | 3 |\n",
       "|  6.536 | bad  | 15.2 | 8 | 275.8 | 180 | 3.07 | 3.780 | 18.00 | 0 | 0 | 3 | 3 |\n",
       "|  4.472 | bad  | 10.4 | 8 | 472.0 | 205 | 2.93 | 5.250 | 17.98 | 0 | 0 | 3 | 4 |\n",
       "|  4.472 | bad  | 10.4 | 8 | 460.0 | 215 | 3.00 | 5.424 | 17.82 | 0 | 0 | 3 | 4 |\n",
       "|  6.321 | bad  | 14.7 | 8 | 440.0 | 230 | 3.23 | 5.345 | 17.42 | 0 | 0 | 3 | 4 |\n",
       "| 13.932 | good | 32.4 | 4 |  78.7 |  66 | 4.08 | 2.200 | 19.47 | 1 | 1 | 4 | 1 |\n",
       "| 13.072 | good | 30.4 | 4 |  75.7 |  52 | 4.93 | 1.615 | 18.52 | 1 | 1 | 4 | 2 |\n",
       "| 14.577 | good | 33.9 | 4 |  71.1 |  65 | 4.22 | 1.835 | 19.90 | 1 | 1 | 4 | 1 |\n",
       "|  9.245 | bad  | 21.5 | 4 | 120.1 |  97 | 3.70 | 2.465 | 20.01 | 1 | 0 | 3 | 1 |\n",
       "|  6.665 | bad  | 15.5 | 8 | 318.0 | 150 | 2.76 | 3.520 | 16.87 | 0 | 0 | 3 | 2 |\n",
       "|  6.536 | bad  | 15.2 | 8 | 304.0 | 150 | 3.15 | 3.435 | 17.30 | 0 | 0 | 3 | 2 |\n",
       "|  5.719 | bad  | 13.3 | 8 | 350.0 | 245 | 3.73 | 3.840 | 15.41 | 0 | 0 | 3 | 4 |\n",
       "|  8.256 | bad  | 19.2 | 8 | 400.0 | 175 | 3.08 | 3.845 | 17.05 | 0 | 0 | 3 | 2 |\n",
       "| 11.739 | good | 27.3 | 4 |  79.0 |  66 | 4.08 | 1.935 | 18.90 | 1 | 1 | 4 | 1 |\n",
       "| 11.180 | good | 26.0 | 4 | 120.3 |  91 | 4.43 | 2.140 | 16.70 | 0 | 1 | 5 | 2 |\n",
       "| 13.072 | good | 30.4 | 4 |  95.1 | 113 | 3.77 | 1.513 | 16.90 | 1 | 1 | 5 | 2 |\n",
       "|  6.794 | bad  | 15.8 | 8 | 351.0 | 264 | 4.22 | 3.170 | 14.50 | 0 | 1 | 5 | 4 |\n",
       "|  8.471 | bad  | 19.7 | 6 | 145.0 | 175 | 3.62 | 2.770 | 15.50 | 0 | 1 | 5 | 6 |\n",
       "|  6.450 | bad  | 15.0 | 8 | 301.0 | 335 | 3.54 | 3.570 | 14.60 | 0 | 1 | 5 | 8 |\n",
       "|  9.202 | bad  | 21.4 | 4 | 121.0 | 109 | 4.11 | 2.780 | 18.60 | 1 | 1 | 4 | 2 |\n",
       "\n"
      ],
      "text/plain": [
       "   kml    gp_kml mpg  cyl disp  hp  drat wt    qsec  vs am gear carb\n",
       "1   9.030 bad    21.0 6   160.0 110 3.90 2.620 16.46 0  1  4    4   \n",
       "2   9.030 bad    21.0 6   160.0 110 3.90 2.875 17.02 0  1  4    4   \n",
       "3   9.804 bad    22.8 4   108.0  93 3.85 2.320 18.61 1  1  4    1   \n",
       "4   9.202 bad    21.4 6   258.0 110 3.08 3.215 19.44 1  0  3    1   \n",
       "5   8.041 bad    18.7 8   360.0 175 3.15 3.440 17.02 0  0  3    2   \n",
       "6   7.783 bad    18.1 6   225.0 105 2.76 3.460 20.22 1  0  3    1   \n",
       "7   6.149 bad    14.3 8   360.0 245 3.21 3.570 15.84 0  0  3    4   \n",
       "8  10.492 good   24.4 4   146.7  62 3.69 3.190 20.00 1  0  4    2   \n",
       "9   9.804 bad    22.8 4   140.8  95 3.92 3.150 22.90 1  0  4    2   \n",
       "10  8.256 bad    19.2 6   167.6 123 3.92 3.440 18.30 1  0  4    4   \n",
       "11  7.654 bad    17.8 6   167.6 123 3.92 3.440 18.90 1  0  4    4   \n",
       "12  7.052 bad    16.4 8   275.8 180 3.07 4.070 17.40 0  0  3    3   \n",
       "13  7.439 bad    17.3 8   275.8 180 3.07 3.730 17.60 0  0  3    3   \n",
       "14  6.536 bad    15.2 8   275.8 180 3.07 3.780 18.00 0  0  3    3   \n",
       "15  4.472 bad    10.4 8   472.0 205 2.93 5.250 17.98 0  0  3    4   \n",
       "16  4.472 bad    10.4 8   460.0 215 3.00 5.424 17.82 0  0  3    4   \n",
       "17  6.321 bad    14.7 8   440.0 230 3.23 5.345 17.42 0  0  3    4   \n",
       "18 13.932 good   32.4 4    78.7  66 4.08 2.200 19.47 1  1  4    1   \n",
       "19 13.072 good   30.4 4    75.7  52 4.93 1.615 18.52 1  1  4    2   \n",
       "20 14.577 good   33.9 4    71.1  65 4.22 1.835 19.90 1  1  4    1   \n",
       "21  9.245 bad    21.5 4   120.1  97 3.70 2.465 20.01 1  0  3    1   \n",
       "22  6.665 bad    15.5 8   318.0 150 2.76 3.520 16.87 0  0  3    2   \n",
       "23  6.536 bad    15.2 8   304.0 150 3.15 3.435 17.30 0  0  3    2   \n",
       "24  5.719 bad    13.3 8   350.0 245 3.73 3.840 15.41 0  0  3    4   \n",
       "25  8.256 bad    19.2 8   400.0 175 3.08 3.845 17.05 0  0  3    2   \n",
       "26 11.739 good   27.3 4    79.0  66 4.08 1.935 18.90 1  1  4    1   \n",
       "27 11.180 good   26.0 4   120.3  91 4.43 2.140 16.70 0  1  5    2   \n",
       "28 13.072 good   30.4 4    95.1 113 3.77 1.513 16.90 1  1  5    2   \n",
       "29  6.794 bad    15.8 8   351.0 264 4.22 3.170 14.50 0  1  5    4   \n",
       "30  8.471 bad    19.7 6   145.0 175 3.62 2.770 15.50 0  1  5    6   \n",
       "31  6.450 bad    15.0 8   301.0 335 3.54 3.570 14.60 0  1  5    8   \n",
       "32  9.202 bad    21.4 4   121.0 109 4.11 2.780 18.60 1  1  4    2   "
      ]
     },
     "metadata": {},
     "output_type": "display_data"
    }
   ],
   "source": [
    "library(tidyverse)\n",
    "mtcars_t <- as.tibble(mtcars)\n",
    "mtcars_t <- mutate(mtcars_t,\n",
    "                   kml=mpg*0.43,\n",
    "                   gp_kml=if_else(kml>=10,\"good\",\"bad\"))\n",
    "mtcars_t\n",
    "select(mtcars_t, kml, gp_kml, everything())"
   ]
  },
  {
   "cell_type": "markdown",
   "metadata": {},
   "source": [
    "### 변수만 유지하고 나머지 변수 모두 삭제"
   ]
  },
  {
   "cell_type": "code",
   "execution_count": 4,
   "metadata": {
    "scrolled": true
   },
   "outputs": [
    {
     "data": {
      "text/html": [
       "<table>\n",
       "<caption>A tibble: 32 × 2</caption>\n",
       "<thead>\n",
       "\t<tr><th scope=col>kml</th><th scope=col>gp_kml</th></tr>\n",
       "\t<tr><th scope=col>&lt;dbl&gt;</th><th scope=col>&lt;chr&gt;</th></tr>\n",
       "</thead>\n",
       "<tbody>\n",
       "\t<tr><td> 9.030</td><td>bad </td></tr>\n",
       "\t<tr><td> 9.030</td><td>bad </td></tr>\n",
       "\t<tr><td> 9.804</td><td>bad </td></tr>\n",
       "\t<tr><td> 9.202</td><td>bad </td></tr>\n",
       "\t<tr><td> 8.041</td><td>bad </td></tr>\n",
       "\t<tr><td> 7.783</td><td>bad </td></tr>\n",
       "\t<tr><td> 6.149</td><td>bad </td></tr>\n",
       "\t<tr><td>10.492</td><td>good</td></tr>\n",
       "\t<tr><td> 9.804</td><td>bad </td></tr>\n",
       "\t<tr><td> 8.256</td><td>bad </td></tr>\n",
       "\t<tr><td> 7.654</td><td>bad </td></tr>\n",
       "\t<tr><td> 7.052</td><td>bad </td></tr>\n",
       "\t<tr><td> 7.439</td><td>bad </td></tr>\n",
       "\t<tr><td> 6.536</td><td>bad </td></tr>\n",
       "\t<tr><td> 4.472</td><td>bad </td></tr>\n",
       "\t<tr><td> 4.472</td><td>bad </td></tr>\n",
       "\t<tr><td> 6.321</td><td>bad </td></tr>\n",
       "\t<tr><td>13.932</td><td>good</td></tr>\n",
       "\t<tr><td>13.072</td><td>good</td></tr>\n",
       "\t<tr><td>14.577</td><td>good</td></tr>\n",
       "\t<tr><td> 9.245</td><td>bad </td></tr>\n",
       "\t<tr><td> 6.665</td><td>bad </td></tr>\n",
       "\t<tr><td> 6.536</td><td>bad </td></tr>\n",
       "\t<tr><td> 5.719</td><td>bad </td></tr>\n",
       "\t<tr><td> 8.256</td><td>bad </td></tr>\n",
       "\t<tr><td>11.739</td><td>good</td></tr>\n",
       "\t<tr><td>11.180</td><td>good</td></tr>\n",
       "\t<tr><td>13.072</td><td>good</td></tr>\n",
       "\t<tr><td> 6.794</td><td>bad </td></tr>\n",
       "\t<tr><td> 8.471</td><td>bad </td></tr>\n",
       "\t<tr><td> 6.450</td><td>bad </td></tr>\n",
       "\t<tr><td> 9.202</td><td>bad </td></tr>\n",
       "</tbody>\n",
       "</table>\n"
      ],
      "text/latex": [
       "A tibble: 32 × 2\n",
       "\\begin{tabular}{ll}\n",
       " kml & gp\\_kml\\\\\n",
       " <dbl> & <chr>\\\\\n",
       "\\hline\n",
       "\t  9.030 & bad \\\\\n",
       "\t  9.030 & bad \\\\\n",
       "\t  9.804 & bad \\\\\n",
       "\t  9.202 & bad \\\\\n",
       "\t  8.041 & bad \\\\\n",
       "\t  7.783 & bad \\\\\n",
       "\t  6.149 & bad \\\\\n",
       "\t 10.492 & good\\\\\n",
       "\t  9.804 & bad \\\\\n",
       "\t  8.256 & bad \\\\\n",
       "\t  7.654 & bad \\\\\n",
       "\t  7.052 & bad \\\\\n",
       "\t  7.439 & bad \\\\\n",
       "\t  6.536 & bad \\\\\n",
       "\t  4.472 & bad \\\\\n",
       "\t  4.472 & bad \\\\\n",
       "\t  6.321 & bad \\\\\n",
       "\t 13.932 & good\\\\\n",
       "\t 13.072 & good\\\\\n",
       "\t 14.577 & good\\\\\n",
       "\t  9.245 & bad \\\\\n",
       "\t  6.665 & bad \\\\\n",
       "\t  6.536 & bad \\\\\n",
       "\t  5.719 & bad \\\\\n",
       "\t  8.256 & bad \\\\\n",
       "\t 11.739 & good\\\\\n",
       "\t 11.180 & good\\\\\n",
       "\t 13.072 & good\\\\\n",
       "\t  6.794 & bad \\\\\n",
       "\t  8.471 & bad \\\\\n",
       "\t  6.450 & bad \\\\\n",
       "\t  9.202 & bad \\\\\n",
       "\\end{tabular}\n"
      ],
      "text/markdown": [
       "\n",
       "A tibble: 32 × 2\n",
       "\n",
       "| kml &lt;dbl&gt; | gp_kml &lt;chr&gt; |\n",
       "|---|---|\n",
       "|  9.030 | bad  |\n",
       "|  9.030 | bad  |\n",
       "|  9.804 | bad  |\n",
       "|  9.202 | bad  |\n",
       "|  8.041 | bad  |\n",
       "|  7.783 | bad  |\n",
       "|  6.149 | bad  |\n",
       "| 10.492 | good |\n",
       "|  9.804 | bad  |\n",
       "|  8.256 | bad  |\n",
       "|  7.654 | bad  |\n",
       "|  7.052 | bad  |\n",
       "|  7.439 | bad  |\n",
       "|  6.536 | bad  |\n",
       "|  4.472 | bad  |\n",
       "|  4.472 | bad  |\n",
       "|  6.321 | bad  |\n",
       "| 13.932 | good |\n",
       "| 13.072 | good |\n",
       "| 14.577 | good |\n",
       "|  9.245 | bad  |\n",
       "|  6.665 | bad  |\n",
       "|  6.536 | bad  |\n",
       "|  5.719 | bad  |\n",
       "|  8.256 | bad  |\n",
       "| 11.739 | good |\n",
       "| 11.180 | good |\n",
       "| 13.072 | good |\n",
       "|  6.794 | bad  |\n",
       "|  8.471 | bad  |\n",
       "|  6.450 | bad  |\n",
       "|  9.202 | bad  |\n",
       "\n"
      ],
      "text/plain": [
       "   kml    gp_kml\n",
       "1   9.030 bad   \n",
       "2   9.030 bad   \n",
       "3   9.804 bad   \n",
       "4   9.202 bad   \n",
       "5   8.041 bad   \n",
       "6   7.783 bad   \n",
       "7   6.149 bad   \n",
       "8  10.492 good  \n",
       "9   9.804 bad   \n",
       "10  8.256 bad   \n",
       "11  7.654 bad   \n",
       "12  7.052 bad   \n",
       "13  7.439 bad   \n",
       "14  6.536 bad   \n",
       "15  4.472 bad   \n",
       "16  4.472 bad   \n",
       "17  6.321 bad   \n",
       "18 13.932 good  \n",
       "19 13.072 good  \n",
       "20 14.577 good  \n",
       "21  9.245 bad   \n",
       "22  6.665 bad   \n",
       "23  6.536 bad   \n",
       "24  5.719 bad   \n",
       "25  8.256 bad   \n",
       "26 11.739 good  \n",
       "27 11.180 good  \n",
       "28 13.072 good  \n",
       "29  6.794 bad   \n",
       "30  8.471 bad   \n",
       "31  6.450 bad   \n",
       "32  9.202 bad   "
      ]
     },
     "metadata": {},
     "output_type": "display_data"
    }
   ],
   "source": [
    "transmute(mtcars_t,\n",
    "         kml=mpg*0.43,\n",
    "         gp_kml=if_else(kml>=10,\"good\",\"bad\"))"
   ]
  },
  {
   "cell_type": "markdown",
   "metadata": {},
   "source": [
    "### 그룹 생성 및 그룹별 자료 요약 : group by, summarise()\n",
    "+ 함수 summarise : 변수의 요약 통계량 계산\n",
    "+ 기본적인 사용법 : summarise(df, name=fun)"
   ]
  },
  {
   "cell_type": "markdown",
   "metadata": {},
   "source": [
    "### 데이터 프레임 mpg의 변수 hwy의 평균 계산"
   ]
  },
  {
   "cell_type": "code",
   "execution_count": 6,
   "metadata": {},
   "outputs": [
    {
     "data": {
      "text/html": [
       "<table>\n",
       "<caption>A tibble: 1 × 1</caption>\n",
       "<thead>\n",
       "\t<tr><th scope=col>hwy_mmpg</th></tr>\n",
       "\t<tr><th scope=col>&lt;dbl&gt;</th></tr>\n",
       "</thead>\n",
       "<tbody>\n",
